1,2048,256,106980,5.223633
1,6144,768,320744,5.220443
1,16384,2048,904786,5.522375
1,24576,3072,1429288,5.815788
1,65536,8192,4718104,7.199255
1,131072,16384,10545184,8.045337
1,262144,32768,21256584,8.108743
4,512,256,27096,5.292187
4,1536,768,81894,5.331641
4,4096,2048,233570,5.702393
4,6144,3072,390576,6.357031
4,16384,8192,1167372,7.125073
4,32768,16384,2499970,7.629303
4,65536,32768,7530004,11.489874
8,256,256,13806,5.392969
8,768,768,42314,5.509635
8,2048,2048,111998,5.468652
8,3072,3072,192630,6.270508
8,8192,8192,591134,7.215991
8,16384,16384,1389546,8.481116
8,32768,32768,4239446,12.937762
17,256,256,13848,5.409375
17,768,768,42196,5.494271
17,2048,2048,131860,6.438477
17,3072,3072,214294,6.975716
17,8192,8192,681606,8.320386
17,16384,16384,1977072,12.067090
17,32768,32768,6637736,20.256763
99,256,256,14174,5.536719
99,768,768,47856,6.231250
99,2048,2048,144644,7.062695
99,3072,3072,247718,8.063737
99,8192,8192,1022842,12.485864
99,16384,16384,3499240,21.357666
99,32768,32768,7790034,23.773297
1,2048,256,109728,5.357812
1,6144,768,357730,5.822428
1,16384,2048,1058736,6.462012
1,24576,3072,1469538,5.979565
1,65536,8192,4763692,7.268817
1,131072,16384,15422515,11.766445
1,262144,32768,22060050,8.415241
4,512,256,26994,5.272266
4,1536,768,81258,5.290234
4,4096,2048,249796,6.098535
4,6144,3072,374092,6.088737
4,16384,8192,1413414,8.626794
4,32768,16384,2488124,7.593152
4,65536,32768,11584754,17.676932
8,256,256,13740,5.367188
8,768,768,41266,5.373177
8,2048,2048,118198,5.771387
8,3072,3072,183384,5.969531
8,8192,8192,619256,7.559277
8,16384,16384,1464714,8.939905
8,32768,32768,3280586,10.011554
17,256,256,13882,5.422656
17,768,768,41680,5.427083
17,2048,2048,132022,6.446387
17,3072,3072,219842,7.156315
17,8192,8192,876626,10.701001
17,16384,16384,1474792,9.001416
17,32768,32768,4135574,12.620770
99,256,256,14404,5.626563
99,768,768,46040,5.994792
99,2048,2048,185744,9.069531
99,3072,3072,416094,13.544727
99,8192,8192,938032,11.450586
99,16384,16384,3488560,21.292480
99,32768,32768,7523482,22.959845
1,2048,256,109854,5.363965
1,6144,768,329142,5.357129
1,16384,2048,1005418,6.136584
1,24576,3072,1484642,6.041024
1,65536,8192,6080060,9.277435
1,131072,16384,17814914,13.591701
1,262144,32768,23295666,8.886591
4,512,256,27126,5.298047
4,1536,768,81470,5.304036
4,4096,2048,231860,5.660645
4,6144,3072,1326438,21.589160
4,16384,8192,1151682,7.029309
4,32768,16384,2703272,8.249731
4,65536,32768,5950784,9.080176
8,256,256,13698,5.350781
8,768,768,41198,5.364323
8,2048,2048,199574,9.744824
8,3072,3072,213850,6.961263
8,8192,8192,591684,7.222705
8,16384,16384,1363762,8.323743
8,32768,32768,2956048,9.021143
17,256,256,333478,130.264844
17,768,768,41710,5.430990
17,2048,2048,128090,6.254395
17,3072,3072,375896,12.236198
17,8192,8192,686866,8.384595
17,16384,16384,3115730,19.016907
17,32768,32768,3405476,10.392688
99,256,256,14890,5.816406
99,768,768,43112,5.613542
99,2048,2048,148438,7.247949
99,3072,3072,265284,8.635547
99,8192,8192,1301068,15.882178
99,16384,16384,3538252,21.595776
99,32768,32768,9029788,27.556726
1,2048,256,109786,5.360645
1,6144,768,329532,5.363477
1,16384,2048,942500,5.752563
1,24576,3072,1502996,6.115706
1,65536,8192,4862722,7.419925
1,131072,16384,9946898,7.588881
1,262144,32768,20802518,7.935531
4,512,256,27034,5.280078
4,1536,768,81360,5.296875
4,4096,2048,216240,5.279297
4,6144,3072,365726,5.952572
4,16384,8192,1358252,8.290112
4,32768,16384,2539026,7.748492
4,65536,32768,5473426,8.351785
8,256,256,13796,5.389062
8,768,768,41202,5.364844
8,2048,2048,122754,5.993848
8,3072,3072,187094,6.090299
8,8192,8192,588938,7.189185
8,16384,16384,1289806,7.872351
8,32768,32768,3502790,10.689667
17,256,256,14336,5.600000
17,768,768,46540,6.059896
17,2048,2048,129488,6.322656
17,3072,3072,210836,6.863151
17,8192,8192,1008090,12.305786
17,16384,16384,1718960,10.491699
17,32768,32768,18027430,55.015350
99,256,256,14164,5.532813
99,768,768,44306,5.769010
99,2048,2048,161686,7.894824
99,3072,3072,276502,9.000716
99,8192,8192,1710618,20.881567
99,16384,16384,3156448,19.265430
99,32768,32768,7840628,23.927698
1,2048,256,107022,5.225684
1,6144,768,321862,5.238639
1,16384,2048,880784,5.375879
1,24576,3072,1390420,5.657633
1,65536,8192,4790752,7.310107
1,131072,16384,10723554,8.181422
1,262144,32768,25141582,9.590752
4,512,256,27142,5.301172
4,1536,768,81234,5.288672
4,4096,2048,231724,5.657324
4,6144,3072,356134,5.796452
4,16384,8192,1324750,8.085632
4,32768,16384,2424894,7.400189
4,65536,32768,11484654,17.524191
8,256,256,13776,5.381250
8,768,768,73270,9.540365
8,2048,2048,115446,5.637012
8,3072,3072,203656,6.629427
8,8192,8192,634898,7.750220
8,16384,16384,1516710,9.257263
8,32768,32768,3249986,9.918170
17,256,256,14402,5.625781
17,768,768,45002,5.859635
17,2048,2048,131780,6.434570
17,3072,3072,217772,7.088932
17,8192,8192,836896,10.216016
17,16384,16384,1571080,9.589111
17,32768,32768,3683644,11.241589
99,256,256,14488,5.659375
99,768,768,46898,6.106510
99,2048,2048,150048,7.326562
99,3072,3072,364906,11.878451
99,8192,8192,1041810,12.717407
99,16384,16384,3352334,20.461023
99,32768,32768,7583406,23.142719
1,2048,256,109770,5.359863
1,6144,768,329034,5.355371
1,16384,2048,961492,5.868481
1,24576,3072,1543108,6.278923
1,65536,8192,7467834,11.395010
1,131072,16384,14849612,11.329355
1,262144,32768,21494096,8.199347
4,512,256,27666,5.403516
4,1536,768,83846,5.458724
4,4096,2048,325514,7.947119
4,6144,3072,370198,6.025358
4,16384,8192,1176174,7.178796
4,32768,16384,2653906,8.099078
4,65536,32768,6021044,9.187384
8,256,256,13776,5.381250
8,768,768,41230,5.368490
8,2048,2048,111028,5.421289
8,3072,3072,178762,5.819076
8,8192,8192,610014,7.446460
8,16384,16384,1943142,11.859998
8,32768,32768,2719608,8.299585
17,256,256,13858,5.413281
17,768,768,42402,5.521094
17,2048,2048,128368,6.267969
17,3072,3072,216718,7.054622
17,8192,8192,692444,8.452686
17,16384,16384,2824262,17.237927
17,32768,32768,3375020,10.299744
99,256,256,14090,5.503906
99,768,768,43850,5.709635
99,2048,2048,140152,6.843359
99,3072,3072,235326,7.660352
99,8192,8192,1136344,13.871387
99,16384,16384,3603964,21.996851
99,32768,32768,7658544,23.372021
1,2048,256,341496,16.674609
1,6144,768,321314,5.229720
1,16384,2048,903874,5.516809
1,24576,3072,1406384,5.722591
1,65536,8192,9328638,14.234372
1,131072,16384,10434124,7.960605
1,262144,32768,20955686,7.993960
4,512,256,27056,5.284375
4,1536,768,81386,5.298568
4,4096,2048,229420,5.601074
4,6144,3072,368338,5.995085
4,16384,8192,1158432,7.070508
4,32768,16384,2567288,7.834741
4,65536,32768,6700140,10.223602
8,256,256,13738,5.366406
8,768,768,41178,5.361719
8,2048,2048,121168,5.916406
8,3072,3072,181630,5.912435
8,8192,8192,585460,7.146729
8,16384,16384,1513904,9.240137
8,32768,32768,3045842,9.295172
17,256,256,13888,5.425000
17,768,768,42784,5.570833
17,2048,2048,125526,6.129199
17,3072,3072,207958,6.769466
17,8192,8192,650446,7.940015
17,16384,16384,1937506,11.825598
17,32768,32768,3502938,10.690118
99,256,256,14940,5.835938
99,768,768,45616,5.939583
99,2048,2048,150204,7.334180
99,3072,3072,657574,21.405404
99,8192,8192,1236544,15.094531
99,16384,16384,3151012,19.232251
99,32768,32768,7794616,23.787280
1,2048,256,138214,6.748730
1,6144,768,321300,5.229492
1,16384,2048,945588,5.771411
1,24576,3072,1502100,6.112061
1,65536,8192,4816472,7.349353
1,131072,16384,10019698,7.644423
1,262144,32768,21138578,8.063728
4,512,256,27756,5.421094
4,1536,768,83492,5.435677
4,4096,2048,234356,5.721582
4,6144,3072,365482,5.948600
4,16384,8192,1231046,7.513708
4,32768,16384,2858680,8.723999
4,65536,32768,5595482,8.538028
8,256,256,14162,5.532031
8,768,768,41310,5.378906
8,2048,2048,154414,7.539746
8,3072,3072,191420,6.231120
8,8192,8192,976256,11.917188
8,16384,16384,1593646,9.726843
8,32768,32768,2935850,8.959503
17,256,256,17714,6.919531
17,768,768,70874,9.228385
17,2048,2048,134506,6.567676
17,3072,3072,215114,7.002409
17,8192,8192,714610,8.723267
17,16384,16384,3090444,18.862573
17,32768,32768,4743038,14.474603
99,256,256,14096,5.506250
99,768,768,43332,5.642188
99,2048,2048,150112,7.329688
99,3072,3072,618734,20.141081
99,8192,8192,1618888,19.761816
99,16384,16384,3830654,23.380457
99,32768,32768,7730440,23.591431
1,2048,256,110282,5.384863
1,6144,768,329740,5.366862
1,16384,2048,1618798,9.880359
1,24576,3072,1760564,7.163753
1,65536,8192,9506358,14.505551
1,131072,16384,10361196,7.904965
1,262144,32768,22844474,8.714475
4,512,256,27160,5.304688
4,1536,768,81278,5.291536
4,4096,2048,242904,5.930273
4,6144,3072,398164,6.480534
4,16384,8192,1425420,8.700073
4,32768,16384,2644552,8.070532
4,65536,32768,5332284,8.136420
8,256,256,13740,5.367188
8,768,768,41238,5.369531
8,2048,2048,109398,5.341699
8,3072,3072,575476,18.732943
8,8192,8192,643752,7.858301
8,16384,16384,6642037,40.539777
8,32768,32768,2909830,8.880096
17,256,256,13936,5.443750
17,768,768,41912,5.457292
17,2048,2048,133390,6.513184
17,3072,3072,250670,8.159831
17,8192,8192,662584,8.088184
17,16384,16384,6472522,39.505139
17,32768,32768,3968348,12.110437
99,256,256,14058,5.491406
99,768,768,44968,5.855208
99,2048,2048,152268,7.434961
99,3072,3072,287566,9.360872
99,8192,8192,1512688,18.465430
99,16384,16384,3117352,19.026807
99,32768,32768,8248622,25.172797
1,2048,256,106942,5.221777
1,6144,768,359146,5.845475
1,16384,2048,933658,5.698596
1,24576,3072,1466954,5.969051
1,65536,8192,9101826,13.888284
1,131072,16384,9921630,7.569603
1,262144,32768,27084184,10.331796
4,512,256,54956,10.733594
4,1536,768,133786,8.710026
4,4096,2048,221954,5.418799
4,6144,3072,362200,5.895182
4,16384,8192,1175472,7.174512
4,32768,16384,2653482,8.097784
4,65536,32768,5461408,8.333447
8,256,256,13708,5.354687
8,768,768,41270,5.373698
8,2048,2048,124644,6.086133
8,3072,3072,240110,7.816081
8,8192,8192,601070,7.337280
8,16384,16384,1289338,7.869495
8,32768,32768,2880332,8.790076
17,256,256,13900,5.429688
17,768,768,52484,6.833854
17,2048,2048,132668,6.477930
17,3072,3072,211102,6.871810
17,8192,8192,792530,9.674438
17,16384,16384,3206882,19.573254
17,32768,32768,3492988,10.659753
99,256,256,14102,5.508594
99,768,768,44638,5.812240
99,2048,2048,146410,7.148926
99,3072,3072,239942,7.810612
99,8192,8192,5745759,70.138660
99,16384,16384,3299612,20.139233
99,32768,32768,7983710,24.364349
